Precision: 1000000 
PI: 3.14159265 
Calculated: 3.14159265 
Difference: -9.725554e-14 
SeqTime(ms): 35.170464 
ParTime(ms): 4.462858
